   1.3291218e+00   1.5058082e+00
   8.0188280e-01   8.1953758e-02
   1.7525233e+00   1.0273326e+00
   1.1934017e+00   6.9078500e-01
   1.8279440e+00   2.1797783e+00
   1.2102503e+00   8.7610553e-01
   1.6416795e+00   1.2297603e+00
   2.1295002e+00   1.8838217e+00
   1.0362812e+00   1.1326491e+00
   1.6813807e+00   1.8942634e+00
   1.8242101e+00   1.1801679e+00
   1.4427128e+00   1.4567324e+00
   1.4517399e+00   1.5301200e+00
   2.3510031e+00   2.0922996e+00
   1.7641616e+00   1.0870313e+00
   2.2414212e+00   1.5529088e+00
   1.2298316e+00   4.7269314e-02
   9.7004129e-01   3.5134234e-01
   1.8034154e+00   1.1242304e+00
   2.0279581e+00   1.4035997e+00
   1.5737903e+00   4.8848838e-01
   1.5807570e+00   1.3829691e+00
   9.3604678e-01  -3.4574710e-03
   1.2102009e+00   9.5804145e-01
   1.6352348e+00   1.6759401e+00
   9.0013567e-01   2.9123160e-02
   1.3695005e+00   4.3479502e-01
   1.2648344e+00   1.1316014e+00
   8.2155609e-01   1.6628118e-01
   1.2049395e+00   9.9380810e-01
   8.0759225e-01  -1.7215440e-01
   1.4499466e+00   1.7992285e+00
   2.1193601e+00   2.1202429e+00
   1.2193876e+00   2.5269851e-01
   9.6247623e-01   7.6548186e-01
   1.2337882e+00   7.9239507e-01
   9.4600144e-01   9.7088475e-01
   1.5197077e+00   2.1075163e-01
   7.3138869e-01  -3.7706027e-02
   1.4070297e+00   4.6032493e-01
   1.9992009e+00   2.0197848e+00
   1.4494411e+00   1.0613202e+00
   9.4542002e-01   4.6632920e-01
   1.9704529e+00   1.6581812e+00
   1.7259277e+00   9.9617092e-01
   1.1675529e+00   4.6265143e-01
   1.3600173e+00   1.3838608e+00
   1.2424061e+00   6.3684928e-01
   1.8099530e+00   7.6391469e-01
   1.6663592e+00   6.2155342e-01
   2.1924329e+00   1.5934006e+00
   1.9697199e+00   9.9077079e-01
   2.0791992e+00   1.2900850e+00
   1.5097798e+00   1.1697454e+00
   1.7082771e+00   1.3311907e+00
   1.1947984e+00   2.6476272e-01
   2.1242827e+00   1.6291026e+00
   2.0568927e+00   2.0681382e+00
   2.0060080e+00   1.3614195e+00
   1.7772543e+00   5.8658177e-01
   2.0113341e+00   2.1170369e+00
   2.3450472e+00   1.8645012e+00
   1.1860388e+00   8.9811284e-02
   1.9751552e+00   1.6831491e+00
   1.7120240e+00   1.0597087e+00
   1.5795569e+00   4.1963693e-01
   7.5284319e-01  -2.3547798e-02
   1.9514237e+00   1.8586111e+00
   1.2431407e+00   7.4967251e-01
   1.9395661e+00   1.4261100e+00
   1.6946807e+00   9.4669368e-01
   1.1445910e+00   2.9902614e-01
   1.3969608e+00   3.1582438e-01
   1.1372703e+00   6.7556520e-02
   9.1592085e-01   2.8174778e-01
   2.2167803e+00   2.2054955e+00
   1.7878749e+00   7.7953758e-01
   2.2769438e+00   2.2197445e+00
   9.1435889e-01   6.9159997e-01
   1.6342353e+00   3.1819134e-01
   1.5802861e+00   6.7547220e-01
   9.2452200e-01   7.5491960e-01
   1.8539325e+00   1.7112257e+00
   1.1949213e+00   6.8018060e-03
   1.0114978e+00   9.6764129e-01
   1.5009579e+00   7.7528831e-01
   1.0820467e+00   3.8929662e-01
   1.5775622e+00   1.4920709e+00
   8.5678464e-01   5.5248821e-01
   8.1847804e-01   6.2392570e-01
   1.0019649e+00   3.2339107e-01
   1.0240583e+00  -1.4862710e-01
   1.4753167e+00   1.6827575e+00
   1.4326762e+00   9.4471079e-01
   2.1133088e+00   1.9829245e+00
   1.3889753e+00   3.4477796e-01
   7.5284148e-01  -2.2155847e-01
   1.4869142e+00   1.0111967e+00
   1.9016301e+00   1.8944946e+00
   1.0771954e+00   8.8528173e-01
   1.8786280e+00   9.8739296e-01
   2.0092792e+00   2.1522055e+00
   1.3702331e+00   1.3245149e+00
   2.0473505e+00   1.0944741e+00
   1.3160456e+00   2.2218644e-01
   1.3791544e+00   9.7099645e-01
   1.3125063e+00   4.7245119e-01
   1.4841903e+00   2.4617084e-01
   1.4475782e+00   3.4586390e-01
   1.8164737e+00   1.4853711e+00
   1.0470495e+00   7.0209837e-01
   2.1363646e+00   1.9597150e+00
   1.2387065e+00   4.2344858e-01
   8.5904365e-01   6.3803428e-01
   1.1285648e+00   7.8127765e-01
   2.1105733e+00   1.1435416e+00
   1.3318506e+00   3.8927810e-01
   1.1473563e+00  -7.7844906e-02
   1.6894194e+00   8.9373540e-01
   1.1432700e+00   8.8535021e-01
   1.2435660e+00   7.5465695e-01
   2.0944942e+00   1.9670580e+00
   1.9273373e+00   9.1907279e-01
   1.1511240e+00   1.1340236e+00
   1.8415123e+00   1.8445288e+00
   9.1302733e-01  -5.0329898e-02
   1.4828124e+00   1.6768728e+00
   1.1692140e+00  -1.4290319e-02
   2.1562276e+00   1.5427919e+00
   2.1579113e+00   2.2850793e+00
   1.8462336e+00   1.2079017e+00
   1.0840910e+00  -7.9400546e-02
   1.7934654e+00   1.0371181e+00
   1.7333739e+00   1.0821702e+00
   1.2232776e+00   1.2960193e+00
   1.3674126e+00   1.4126077e+00
   2.0858006e+00   1.6467294e+00
   2.0001944e+00   1.0813247e+00
   7.4279372e-01   1.9162913e-01
   1.7566563e+00   8.5274980e-01
   1.8184967e+00   1.9963119e+00
   1.3615145e+00   1.3813306e+00
   2.0671658e+00   2.2114763e+00
   1.2734531e+00  -1.8801900e-02
   1.9021402e+00   1.2893828e+00
   1.8317522e+00   7.9143599e-01
   1.7240845e+00   1.8804200e+00
   1.8274193e+00   8.3185599e-01
   7.2690423e-01  -1.2674260e-01
   1.3968056e+00   4.4732641e-01
   1.7788695e+00   9.2102776e-01
   1.5067457e+00   1.3067298e+00
   2.3295445e+00   1.8285390e+00
   2.0120050e+00   2.0623969e+00
   1.7723780e+00   1.8487506e+00
   2.1436432e+00   1.9985799e+00
   1.1037671e+00   1.0440039e+00
   9.9346134e-01  -6.3337707e-02
   1.0624463e+00   2.9502582e-02
   1.6042852e+00   1.8483671e+00
   1.1400275e+00   7.2195761e-02
   2.2084575e+00   1.3247343e+00
   1.5496421e+00   1.4592460e+00
   1.2866541e+00   5.6971397e-01
   1.2133017e+00   6.6016338e-01
   1.5091831e+00   7.9240846e-01
   1.6876862e+00   6.9883253e-01
   1.7710778e+00   8.0037688e-01
   1.7806718e+00   1.7663424e+00
   7.8880740e-01  -7.9736362e-02
   9.7692650e-01  -4.8196357e-02
   1.2699273e+00   1.4596292e+00
   9.6427769e-01   1.0237732e+00
   6.4821326e-01   7.9805387e-02
   1.8018716e+00   1.5785600e+00
   1.2971671e+00  -2.3079273e-01
   1.9022867e+00   1.5083777e-01
   2.2081933e+00   2.5090364e+00
   3.5025099e+00   1.3507925e+00
   3.1626561e+00   2.8494837e+00
   3.4613024e+00   1.9107428e+00
   1.9351868e+00   4.7543872e-01
   2.4276150e+00  -4.6029871e-02
   4.5362723e+00   4.1154295e+00
   2.0340485e+00   2.0832924e+00
   2.2938173e+00   1.8604985e+00
   2.0474036e+00   1.7335547e+00
   3.5094023e+00   2.6899979e+00
   2.9025624e+00   1.3168547e+00
   2.9815933e+00   1.3395753e+00
   1.8670271e+00   1.5591247e+00
   2.1443477e+00   1.8799584e+00
   2.3556515e+00   1.6483302e+00
   1.8050901e+00   3.8105554e-01
   3.6606253e+00   2.8428171e+00
   2.7264763e+00   1.9843407e+00
   4.5900001e+00   3.9910154e+00
   4.2966075e+00   3.5192716e+00
   2.8980208e+00   3.5491059e+00
   1.5558844e+00   3.9979725e-01
   1.9325974e-01   3.6038903e+00
   5.0381500e-01   3.3437300e+00
   2.0705015e-01   3.6174274e+00
   1.9025853e+00   3.1476864e+00
   2.0692996e+00   4.6836752e+00
   2.4431955e-01   2.6444600e+00
   7.4991028e-02   2.9677184e+00
   1.2344269e+00   4.1018425e+00
  -9.2549257e-01   1.0058261e+00
  -7.5878430e-01   5.8900213e-01
   1.5926287e+00   4.8452891e+00
   3.7815981e-01   3.4024380e+00
   1.0450059e+00   3.6959333e+00
   7.2713195e-01   3.2187896e+00
  -5.2663692e-01   1.9123490e-01
   1.1938084e+00   3.6694526e+00
   1.4352018e+00   3.0411643e+00
  -2.0549209e-02   3.0755116e+00
  -2.9793457e-01   1.3546599e+00
   9.5285875e-01   1.7111461e+00
   1.0820147e+00   2.1162591e+00
   1.5183523e-01   1.5197717e+00
   2.2934483e-01   6.7997916e-01
  -1.4534175e-02   1.7133222e+00
  -3.4387291e-01   1.1131749e+00
   1.2320050e+00   3.7651129e+00
   1.3739869e+00   2.5988286e+00
   5.4205230e-02   1.7099893e+00
   4.7944451e-01   3.5787725e+00
   6.4696812e-01   2.1284657e+00
   4.3782452e-01   3.0052554e+00
   9.9502615e-01   1.6196315e+00
   1.3823081e+00   3.2085705e+00
   7.0817678e-01   1.4109975e+00
  -1.1978777e+00   4.3709189e-01
   1.2471675e+00   2.5029898e+00
   1.0245331e+00   4.4507145e+00
   2.0055410e+00   4.1510176e+00
   1.0310766e+00   4.1211454e+00
   1.3444846e+00   4.5946534e+00
   9.8329467e-01   3.3674009e+00
  -6.6111181e-01  -4.6181956e-02
   2.0286232e-01   1.4683518e+00
   1.3628178e+00   3.2637407e+00
  -3.9676805e-01   2.0382788e-01
  -4.4597437e-01   2.1613034e+00
  -9.8793845e-01   4.7705874e-01
   1.1472912e-02   2.9102494e+00
   7.8613640e-02   1.2126441e+00
   4.4071505e-01   2.1026224e+00
   1.9045669e+00   3.9048829e+00
   1.4774905e+00   3.0514691e+00
   1.4689095e+00   4.2641158e+00
   1.7880709e+00   4.4001859e+00
   2.1074372e-01   2.4734703e+00
   1.3106020e+00   2.8971531e+00
  -1.2863393e-01   3.8739844e-01
  -7.8106434e-01   3.5129698e-01
   3.0872466e-01   1.6965450e+00
  -1.2485982e-01   1.7763400e+00
   9.9924302e-01   3.2432498e+00
   6.5057597e-01   2.6458031e+00
   8.8463684e-01   4.0030939e+00
   1.6570115e+00   3.0435097e+00
   1.8051703e+00   3.3249531e+00
   3.5301239e-01   1.0764701e+00
   1.0640368e+00   3.0600995e+00
   1.0125624e+00   1.8141319e+00
   7.5788445e-01   2.2383196e+00
   4.1926003e-01   1.7771736e+00
   9.5024508e-02   1.6693634e+00
   8.4808610e-02   2.5242626e+00
   7.8593160e-02   1.4414134e+00
  -2.4082598e-02   1.3344094e+00
  -3.5601086e-01   1.0428584e+00
   1.0538885e+00   3.9411329e+00
   5.9492279e-01   1.8073109e+00
   5.8254385e-01   3.4592070e+00
   1.4836282e+00   2.3276512e+00
   1.9494853e+00   4.2667909e+00
  -5.9410933e-01   1.9222979e+00
   4.3135119e-01   1.6800637e+00
   7.2506211e-01   3.5250196e+00
   3.4193171e-01   2.7725113e+00
   1.0148688e+00   4.6681493e+00
  -8.2037230e-01   1.5891753e+00
   1.4750427e+00   2.7757891e+00
  -4.6933602e-01   1.3547331e+00
  -1.5228248e-01   1.4763682e+00
   5.6948083e-01   1.2154350e+00
   2.1949314e+00   4.7588197e+00
   8.1605902e-01   3.5063604e+00
   1.3754982e+00   3.4279942e+00
   3.7800789e-01   1.2749235e+00
   3.3980952e-01   2.7581118e+00
   1.8718965e+00   3.6715907e+00
   1.5080127e+00   3.2268311e+00
  -1.2143296e+00   4.2258669e-01
  -5.8802540e-01   1.0928166e+00
   1.4493146e+00   4.5763871e+00
